# Searching for station nr 94693 in ghcnm.tmax.v3.qca v3.2.2.20140628
# MILDURA AIRPO                 (AUSTRALIA)
# coordinates: -34.22N,  142.08E,      52.0m (prob:   48m)
# WMO station code: 94693 MILDURA_AIRPO                 
# tmax [Celsius] daily maximum temperature (adjusted) from GHCN-M 
 1946 -999.9 -999.9 -999.9 -999.9 -999.9 -999.9 -999.9 -999.9   21.2   23.9   27.7   30.6
 1947   33.4   32.0   28.2   23.5   22.7   17.9   15.0   16.7   21.1   22.8   26.1   29.5
 1948   31.6   32.2   26.4   23.2   17.9   15.5   15.6   19.0   22.2   23.8   27.1   29.7
 1949   31.5   27.9   27.1   22.9   17.6   14.6   15.6   18.7   20.2   23.2   25.8   29.4
 1950   31.3   29.2   26.5   23.8   19.8   15.2   16.4   18.4   22.1   24.0   27.9   33.1
 1951   34.7   32.8   31.0   20.9   18.5   15.9   15.3   15.2   21.1   23.7   28.1   31.6
 1952   33.4   29.9   29.4   20.5   17.8   16.0   14.9   17.5   22.1   22.4   26.1   30.2
 1953   32.6   31.2   31.4   25.5   20.6   16.5   16.2   16.7   19.7   23.3   27.1   31.2
 1954   32.5   29.3   28.2   24.8   19.3   16.0   16.3   17.8   21.2   24.3   27.8   30.7
 1955   32.9   31.9   28.9   23.5   17.9   15.4   14.8   17.5   21.1   24.3   25.5   28.4
 1956   31.0   33.8   28.1   22.3   17.7   14.5   14.7   15.8   18.6   21.3   25.4   28.8
 1957   32.8   30.9   27.8   23.2   20.0   20.1   14.2   17.7   20.9   25.3   28.3   31.6
 1958   30.5   30.7   27.9   25.7   21.1   16.1   15.4   16.6   18.8   21.9   28.0   27.3
 1959   34.2   31.4   28.9   25.5   19.5   17.7   16.2   20.2   21.7   23.1   31.1   27.9
 1960   35.0   29.0   30.1   22.7   16.6   15.4   15.0   15.6   19.3   25.1   24.8   33.1
 1961   34.5   32.2   29.3   23.9   20.3   18.2   15.7   17.7   22.4   27.1   27.4   30.6
 1962   32.4   30.8   29.3   25.2   17.7   18.5   17.0   17.2   20.7   23.1   29.3   29.3
 1963   30.2   32.0   28.5   23.0   18.5   15.4   14.3   17.2   21.4   26.4   28.2   31.7
 1964   31.8   30.5   30.0   23.5   19.8   17.0   16.4   18.7   20.2   22.3   29.1   27.0
 1965   31.5   33.7   29.7   21.9   20.2   17.1   15.0   17.1   21.3   26.6   27.2   33.0
 1966   33.1   30.4   27.9   23.2   18.6   15.8   14.8   16.7   20.0   23.9   28.5   29.2
 1967   31.7   33.0   28.0   26.1   20.3   18.1   16.3   16.7   21.3   25.9   28.0   29.1
 1968   34.1   34.0   29.7   25.3   17.1   14.9   14.4   16.7   20.3   24.9   26.6   29.4
 1969   34.3   30.1   26.3   23.8   17.4   16.0   16.9   19.1   17.0   25.5   26.6   28.3
 1970   30.4   33.4   26.8   24.1   18.1   17.3   16.9   16.4   17.7   24.2   26.7   29.6
 1971   31.5   31.2   29.2   25.4   19.3   15.8   15.7   17.3   20.9   23.9   25.6   29.7
 1972   30.7   31.1   28.4   24.8   20.6   17.8   16.5   18.3   22.5   24.8   27.6   32.0
 1973   33.3   30.2   26.9   24.1   20.2   14.7   16.7   17.2   20.7   22.9   25.7   30.5
 1974   30.8   30.3   30.4   20.7   19.1   16.0   15.5   16.9   17.7   21.8   26.3   29.5
 1975   30.3   32.4   26.9   23.7   21.3   16.9   18.4   16.5   21.2   20.8   28.0   30.5
 1976   29.9   32.0   28.8   22.7   18.9   16.5   16.2   17.7   19.6   20.4   25.7   30.6
 1977   32.3   32.1   27.3   22.1   18.8   15.1 -999.9 -999.9 -999.9 -999.9 -999.9 -999.9
 1978 -999.9 -999.9 -999.9 -999.9 -999.9 -999.9 -999.9 -999.9 -999.9 -999.9 -999.9   29.6
 1979   36.7   31.7   29.3   21.9   17.1   16.9   16.1   16.9   20.1   23.3   28.6   31.7
 1980   30.3   32.0   29.1   24.9   19.5   14.8   14.9   18.2   22.9   24.3   30.3   32.5
 1981   36.3   33.6   25.8   25.6   18.8   14.4   14.7   15.8   22.1   24.9   27.0   30.9
 1982   33.8   32.4   29.1   23.9   19.6   14.6   15.5   21.4   20.6   24.0   31.5   31.4
 1983   31.3   35.2   28.9   21.1   19.4   16.0   14.8   17.5   20.3   23.2   26.8   30.8
 1984   29.0   32.1   26.7   22.7   20.1   17.3   14.4   16.9   17.8   23.9   27.5   30.1
 1985   32.2   32.2   30.4   24.2   19.8   16.1   16.2   16.4   19.4   24.2   27.0   28.5
 1986   30.7   31.0   31.4   24.0   18.9   15.1   14.2   16.1   19.5   21.0   27.3   27.7
 1987   30.3   31.7   26.1   25.2   18.4   16.2   15.3   16.4   21.3   23.4   28.9   30.6
 1988   33.5   31.2   29.3   24.7   19.6   16.3   15.4   18.1   21.8   26.4   26.0   31.3
 1989   31.4   32.7   28.4   22.6   18.3   13.7   14.1   15.0   20.7   23.8   29.3   31.2
 1990   32.7   30.1   30.6   24.1   18.6   15.5   15.6   15.7   21.1   25.3   29.9   32.0
 1991   32.3   33.4   28.5   23.2   19.5   17.5   15.0   16.3   20.5   26.9   27.1   29.5
 1992   29.3   31.6 -999.9   24.1   17.8   15.3   16.4   16.0 -999.9   23.5 -999.9 -999.9
 1993 -999.9 -999.9 -999.9 -999.9 -999.9 -999.9 -999.9 -999.9 -999.9 -999.9 -999.9 -999.9
 1994 -999.9 -999.9 -999.9 -999.9 -999.9 -999.9 -999.9 -999.9 -999.9 -999.9 -999.9 -999.9
 1995 -999.9 -999.9   26.7   21.0   17.5   15.8   13.7   19.6   20.5   22.7   28.2   29.0
 1996   31.2   30.4 -999.9   21.4   19.9   16.8   14.5   16.8   20.1   24.4   25.9   29.2
 1997   32.5 -999.9   26.4   24.4   18.3   16.3   14.8   16.2   19.0   24.8   29.7   31.5
 1998   31.8   31.7   29.1   21.5   19.8   15.9   13.8   18.4   21.5   23.1   26.9   31.4
 1999   35.3   31.3   27.3 -999.9   20.1 -999.9 -999.9   17.4 -999.9 -999.9 -999.9   28.3
 2000   31.1   33.6   28.4   23.7   17.8   15.8   15.9 -999.9   21.3   22.7   30.1   32.0
 2001   37.1   34.1   28.0   24.0   19.9   16.7   15.3 -999.9 -999.9   21.8   26.5   27.5
 2002   31.3   30.3   28.6   26.3   20.6   17.0   17.5   18.2   22.0   25.1   29.8   32.0
 2003   33.8   32.4   27.0   25.1   19.6   16.5   15.9   16.1   20.6   21.7   29.9   32.4
 2004   30.5   34.5   29.3   25.3   18.9   16.2   15.0   18.2   20.6   27.0   27.4   30.3
 2005   32.4   30.2   28.4   27.5   21.5   17.4   16.0   18.4   19.7   23.4   28.3   32.2
 2006   36.4   32.1   30.2   21.2   17.8   15.3   15.4   19.2   22.9   26.3   29.8   31.1
 2007   32.3   34.6   28.9   25.6   20.9   14.2   15.7   20.0   22.4   25.7   30.5   31.8
 2008   33.7   30.0   31.7   23.3   19.8   17.4   15.1   15.6   22.1   26.6   26.8   28.7
 2009   35.3   33.8   28.6   23.6   19.1   16.1   16.2   19.6   22.1   24.3   32.5   31.5
 2010   34.7   33.6   28.9   24.3   19.5   15.6   15.0   15.7   18.3   23.5   26.2   28.3
 2011   32.0   30.2   26.0   23.2   17.7   17.1   15.9   19.4 -999.9 -999.9 -999.9   30.5
 2012   32.7   31.3   26.7   24.8   19.8   16.2   16.2   17.7   22.6   26.1   30.8   32.4
 2013   34.7   34.2   30.3   25.4   20.3   16.5   17.3   19.6   25.5   25.5   27.7   32.0
 2014   35.7   33.5   29.8   23.7   21.2 -999.9 -999.9 -999.9 -999.9 -999.9 -999.9 -999.9
